0 0.2127403846153846 0.6971153846153846 0.16826923076923078 0.09254807692307693
0 0.3870192307692308 0.7536057692307693 0.13701923076923078 0.1346153846153846
0 0.4699519230769231 0.9002403846153846 0.10817307692307693 0.12139423076923077
0 0.6286057692307693 0.6478365384615384 0.15745192307692307 0.12139423076923077
0 0.8209134615384616 0.6117788461538461 0.09975961538461539 0.12860576923076922
0 0.4387019230769231 0.4411057692307692 0.09735576923076923 0.08653846153846154
0 0.5853365384615384 0.4567307692307692 0.11899038461538461 0.04807692307692308
0 0.6117788461538461 0.5300480769230769 0.09735576923076923 0.0673076923076923
0 0.6935096153846154 0.41346153846153844 0.08653846153846154 0.04447115384615385
0 0.6237980769230769 0.3233173076923077 0.08413461538461539 0.04447115384615385
0 0.5721153846153846 0.25841346153846156 0.07572115384615384 0.042067307692307696
0 0.22355769230769232 0.921875 0.15264423076923078 0.09975961538461539
0 0.33052884615384615 0.6237980769230769 0.07091346153846154 0.04807692307692308