0 0.5180288461538461 0.8425480769230769 0.125 0.15985576923076922
0 0.4807692307692308 0.6742788461538461 0.1875 0.16466346153846154
0 0.5829326923076923 0.5144230769230769 0.09495192307692307 0.08774038461538461
0 0.5901442307692307 0.3858173076923077 0.09014423076923077 0.10216346153846154
0 0.71875 0.38822115384615385 0.09735576923076923 0.10697115384615384
0 0.3473557692307692 0.5384615384615384 0.11057692307692307 0.10697115384615384
0 0.23317307692307693 0.38822115384615385 0.11298076923076923 0.08774038461538461
0 0.5240384615384616 0.19471153846153846 0.15745192307692307 0.06850961538461539
0 0.9038461538461539 0.12379807692307693 0.18269230769230768 0.11177884615384616
0 0.21634615384615385 0.2764423076923077 0.0673076923076923 0.057692307692307696
0 0.13701923076923078 0.30528846153846156 0.09495192307692307 0.06850961538461539
0 0.34975961538461536 0.33774038461538464 0.08052884615384616 0.052884615384615384