0 0.17307692307692307 0.47475961538461536 0.22956730769230768 0.12980769230769232
0 0.18389423076923078 0.6971153846153846 0.1045673076923077 0.1045673076923077
0 0.20072115384615385 0.22716346153846154 0.06610576923076923 0.051682692307692304
0 0.36177884615384615 0.16826923076923078 0.046875 0.051682692307692304
0 0.5733173076923077 0.28365384615384615 0.06370192307692307 0.04447115384615385
0 0.30408653846153844 0.6165865384615384 0.0625 0.06129807692307692
0 0.6971153846153846 0.1201923076923077 0.07211538461538461 0.05889423076923077
0 0.22355769230769232 0.37259615384615385 0.09375 0.07091346153846154
0 0.6911057692307693 0.028846153846153848 0.0625 0.046875
0 0.19471153846153846 0.057692307692307696 0.0733173076923077 0.06370192307692307
0 0.2824519230769231 0.12259615384615384 0.10576923076923077 0.0829326923076923
0 0.15144230769230768 0.6141826923076923 0.05889423076923077 0.051682692307692304
0 0.3389423076923077 0.28966346153846156 0.03485576923076923 0.042067307692307696
0 0.03245192307692308 0.21875 0.0625 0.0733173076923077