0 0.05048076923076923 0.5072115384615384 0.08173076923076923 0.12259615384615384
0 0.140625 0.5 0.08653846153846154 0.1502403846153846
0 0.34134615384615385 0.37259615384615385 0.1045673076923077 0.18028846153846154
0 0.34975961538461536 0.5889423076923077 0.09014423076923077 0.11658653846153846
0 0.4519230769230769 0.5612980769230769 0.11538461538461539 0.125
0 0.5300480769230769 0.8725961538461539 0.08173076923076923 0.1502403846153846
0 0.1201923076923077 0.2620192307692308 0.04326923076923077 0.08052884615384616
0 0.06129807692307692 0.27884615384615385 0.046875 0.0673076923076923
0 0.5901442307692307 0.35096153846153844 0.03245192307692308 0.07572115384615384
0 0.7439903846153846 0.5564903846153846 0.08052884615384616 0.09495192307692307
0 0.8413461538461539 0.45552884615384615 0.12620192307692307 0.14543269230769232
0 0.9134615384615384 0.890625 0.08653846153846154 0.11177884615384616
0 0.7836538461538461 0.8810096153846154 0.042067307692307696 0.08413461538461539
0 0.6658653846153846 0.8473557692307693 0.08052884615384616 0.16947115384615385
0 0.6045673076923077 0.9254807692307693 0.06370192307692307 0.09975961538461539
0 0.15745192307692307 0.6935096153846154 0.04807692307692308 0.07211538461538461
0 0.8978365384615384 0.29927884615384615 0.0985576923076923 0.09495192307692307
0 0.21033653846153846 0.11177884615384616 0.08413461538461539 0.07572115384615384