0 0.6189903846153846 0.36778846153846156 0.22355769230769232 0.09735576923076923
0 0.7788461538461539 0.29447115384615385 0.13701923076923078 0.057692307692307696
0 0.15745192307692307 0.24639423076923078 0.19110576923076922 0.04927884615384615
0 0.3641826923076923 0.17668269230769232 0.15264423076923078 0.055288461538461536
0 0.5901442307692307 0.12259615384615384 0.11658653846153846 0.05048076923076923
0 0.7307692307692307 0.07692307692307693 0.10096153846153846 0.027644230769230768
0 0.90625 0.09375 0.15985576923076922 0.03245192307692308
0 0.11057692307692307 0.1502403846153846 0.11298076923076923 0.03485576923076923
0 0.32091346153846156 0.11538461538461539 0.14903846153846154 0.030048076923076924
0 0.5144230769230769 0.625 0.2800480769230769 0.15504807692307693
0 0.359375 0.5300480769230769 0.109375 0.0625
0 0.11177884615384616 0.5805288461538461 0.17668269230769232 0.10336538461538461
0 0.19471153846153846 0.32091346153846156 0.11298076923076923 0.056490384615384616