0 0.24158653846153846 0.4182692307692308 0.08173076923076923 0.0889423076923077
0 0.5625 0.4387019230769231 0.08173076923076923 0.0889423076923077
0 0.5709134615384616 0.8353365384615384 0.1346153846153846 0.12379807692307693
0 0.7560096153846154 0.8377403846153846 0.14423076923076922 0.11298076923076923
0 0.3762019230769231 0.6382211538461539 0.20432692307692307 0.09254807692307693
0 0.18269230769230768 0.12379807692307693 0.09134615384615384 0.040865384615384616
0 0.8257211538461539 0.20432692307692307 0.15985576923076922 0.09495192307692307
0 0.7415865384615384 0.12259615384615384 0.08533653846153846 0.06490384615384616
0 0.6838942307692307 0.04807692307692308 0.16346153846153846 0.07091346153846154
0 0.8557692307692307 0.10576923076923077 0.13581730769230768 0.06129807692307692
0 0.9158653846153846 0.055288461538461536 0.12620192307692307 0.054086538461538464
0 0.38341346153846156 0.8293269230769231 0.12740384615384615 0.06610576923076923
0 0.7932692307692307 0.5552884615384616 0.12379807692307693 0.12379807692307693
0 0.8918269230769231 0.7139423076923077 0.09495192307692307 0.09975961538461539