0 0.3557692307692308 0.5300480769230769 0.06610576923076923 0.046875
0 0.3245192307692308 0.7235576923076923 0.08774038461538461 0.09615384615384616
0 0.43028846153846156 0.7415865384615384 0.0985576923076923 0.09495192307692307
0 0.5661057692307693 0.7608173076923077 0.1045673076923077 0.0889423076923077
0 0.4855769230769231 0.8882211538461539 0.10096153846153846 0.11658653846153846
0 0.3425480769230769 0.9002403846153846 0.10697115384615384 0.12620192307692307
0 0.21153846153846154 0.8930288461538461 0.09014423076923077 0.11538461538461539
0 0.11177884615384616 0.828125 0.12379807692307693 0.17067307692307693
0 0.45913461538461536 0.5757211538461539 0.05048076923076923 0.04447115384615385
0 0.421875 0.5420673076923077 0.03485576923076923 0.03365384615384615
0 0.6610576923076923 0.41586538461538464 0.0829326923076923 0.054086538461538464