0 0.5925480769230769 0.6899038461538461 0.10697115384615384 0.09975961538461539
0 0.36538461538461536 0.7908653846153846 0.09975961538461539 0.10697115384615384
0 0.7572115384615384 0.5817307692307693 0.07692307692307693 0.0733173076923077
0 0.6814903846153846 0.5372596153846154 0.05889423076923077 0.04447115384615385
0 0.5528846153846154 0.5288461538461539 0.06850961538461539 0.046875
0 0.4519230769230769 0.5985576923076923 0.07932692307692307 0.09254807692307693
0 0.2127403846153846 0.3557692307692308 0.04927884615384615 0.046875
0 0.16826923076923078 0.38461538461538464 0.04447115384615385 0.04927884615384615
0 0.7740384615384616 0.36538461538461536 0.08533653846153846 0.06129807692307692
0 0.8834134615384616 0.3329326923076923 0.056490384615384616 0.054086538461538464
0 0.8966346153846154 0.3918269230769231 0.042067307692307696 0.054086538461538464
0 0.8978365384615384 0.4675480769230769 0.040865384615384616 0.054086538461538464
0 0.7776442307692307 0.6610576923076923 0.08413461538461539 0.09014423076923077
0 0.6826923076923077 0.6213942307692307 0.09495192307692307 0.109375
0 0.36538461538461536 0.3870192307692308 0.04567307692307692 0.04447115384615385
0 0.36899038461538464 0.43509615384615385 0.08052884615384616 0.054086538461538464
0 0.30288461538461536 0.37740384615384615 0.046875 0.054086538461538464
0 0.29086538461538464 0.42427884615384615 0.0733173076923077 0.046875
0 0.7704326923076923 0.19951923076923078 0.04567307692307692 0.051682692307692304
0 0.8461538461538461 0.19951923076923078 0.08052884615384616 0.06129807692307692