0 0.6069711538461539 0.7728365384615384 0.14783653846153846 0.20192307692307693
0 0.8028846153846154 0.6911057692307693 0.1201923076923077 0.125
0 0.8725961538461539 0.8990384615384616 0.23557692307692307 0.19951923076923078
0 0.484375 0.6129807692307693 0.09375 0.08774038461538461
0 0.38100961538461536 0.5625 0.11778846153846154 0.11057692307692307
0 0.3112980769230769 0.8197115384615384 0.18870192307692307 0.35697115384615385
0 0.09495192307692307 0.6971153846153846 0.1658653846153846 0.13341346153846154
0 0.7103365384615384 0.5516826923076923 0.10697115384615384 0.1141826923076923
0 0.5504807692307693 0.5144230769230769 0.09735576923076923 0.12379807692307693
0 0.5012019230769231 0.4170673076923077 0.09975961538461539 0.0625
0 0.6358173076923077 0.3870192307692308 0.06610576923076923 0.0625