0 0.6021634615384616 0.8016826923076923 0.052884615384615384 0.07451923076923077
0 0.5252403846153846 0.7920673076923077 0.06009615384615385 0.056490384615384616
0 0.5721153846153846 0.8605769230769231 0.046875 0.051682692307692304
0 0.25841346153846156 0.7103365384615384 0.037259615384615384 0.04927884615384615
0 0.1875 0.7151442307692307 0.0985576923076923 0.0985576923076923
0 0.038461538461538464 0.6646634615384616 0.07572115384615384 0.12259615384615384
0 0.09495192307692307 0.5432692307692307 0.07932692307692307 0.0625
0 0.4182692307692308 0.4855769230769231 0.09735576923076923 0.052884615384615384
0 0.4987980769230769 0.5180288461538461 0.04326923076923077 0.04927884615384615
0 0.42908653846153844 0.6141826923076923 0.15264423076923078 0.13581730769230768
0 0.7560096153846154 0.6310096153846154 0.4807692307692308 0.234375
0 0.22596153846153846 0.5709134615384616 0.1045673076923077 0.14423076923076922