0 0.08653846153846154 0.46634615384615385 0.0829326923076923 0.14543269230769232
0 0.07091346153846154 0.7800480769230769 0.08173076923076923 0.09975961538461539
0 0.13341346153846154 0.6586538461538461 0.07692307692307693 0.15384615384615385
0 0.20673076923076922 0.5336538461538461 0.10216346153846154 0.17908653846153846
0 0.36658653846153844 0.43990384615384615 0.09014423076923077 0.18509615384615385
0 0.48197115384615385 0.39302884615384615 0.11177884615384616 0.19591346153846154
0 0.6754807692307693 0.4254807692307692 0.13942307692307693 0.20072115384615385
0 0.9098557692307693 0.3762019230769231 0.1778846153846154 0.18990384615384615
0 0.7716346153846154 0.6826923076923077 0.12860576923076922 0.17668269230769232
0 0.33653846153846156 0.6911057692307693 0.08173076923076923 0.08774038461538461
0 0.45072115384615385 0.8305288461538461 0.1875 0.21754807692307693
0 0.5060096153846154 0.5528846153846154 0.07451923076923077 0.1346153846153846
0 0.9194711538461539 0.6538461538461539 0.11778846153846154 0.21153846153846154
0 0.8930288461538461 0.18990384615384615 0.08052884615384616 0.14302884615384615
0 0.6634615384615384 0.5793269230769231 0.06370192307692307 0.12379807692307693
0 0.5637019230769231 0.7235576923076923 0.1502403846153846 0.20072115384615385