0 0.4567307692307692 0.5480769230769231 0.12259615384615384 0.109375
0 0.3449519230769231 0.4879807692307692 0.09254807692307693 0.08413461538461539
0 0.3317307692307692 0.40024038461538464 0.09495192307692307 0.09134615384615384
0 0.25240384615384615 0.3245192307692308 0.109375 0.09975961538461539
0 0.6237980769230769 0.7896634615384616 0.32572115384615385 0.375
0 0.5264423076923077 0.18870192307692307 0.11057692307692307 0.109375
0 0.6682692307692307 0.4266826923076923 0.29086538461538464 0.36778846153846156
0 0.6838942307692307 0.2127403846153846 0.08533653846153846 0.07932692307692307
0 0.8004807692307693 0.2644230769230769 0.09375 0.13822115384615385
0 0.8942307692307693 0.28125 0.08774038461538461 0.09975961538461539
0 0.8798076923076923 0.6430288461538461 0.23076923076923078 0.2776442307692308
0 0.9002403846153846 0.8365384615384616 0.11778846153846154 0.13221153846153846
0 0.8052884615384616 0.9507211538461539 0.08774038461538461 0.09375
0 0.40865384615384615 0.27524038461538464 0.1502403846153846 0.11778846153846154
0 0.11298076923076923 0.20793269230769232 0.1346153846153846 0.09375