0 0.7548076923076923 0.25961538461538464 0.05889423076923077 0.052884615384615384
0 0.7896634615384616 0.35336538461538464 0.10096153846153846 0.1502403846153846
0 0.90625 0.3137019230769231 0.11538461538461539 0.11658653846153846
0 0.8834134615384616 0.4579326923076923 0.10336538461538461 0.09495192307692307
0 0.6814903846153846 0.421875 0.06009615384615385 0.07211538461538461
0 0.5733173076923077 0.3954326923076923 0.07932692307692307 0.06370192307692307
0 0.6634615384615384 0.5216346153846154 0.2403846153846154 0.19951923076923078
0 0.7776442307692307 0.8100961538461539 0.39663461538461536 0.36899038461538464
0 0.25600961538461536 0.8317307692307693 0.14903846153846154 0.10817307692307693
0 0.44350961538461536 0.8137019230769231 0.2091346153846154 0.19471153846153846
0 0.13822115384615385 0.6430288461538461 0.2512019230769231 0.25841346153846156