0 0.46634615384615385 0.6514423076923077 0.23557692307692307 0.19591346153846154
0 0.22716346153846154 0.8173076923076923 0.31009615384615385 0.20793269230769232
0 0.20072115384615385 0.6322115384615384 0.28365384615384615 0.2247596153846154
0 0.18269230769230768 0.43509615384615385 0.22355769230769232 0.14302884615384615
0 0.3076923076923077 0.3425480769230769 0.1658653846153846 0.10096153846153846
0 0.4230769230769231 0.4182692307692308 0.15144230769230768 0.10576923076923077
0 0.4579326923076923 0.5132211538461539 0.18509615384615385 0.09495192307692307
0 0.6141826923076923 0.359375 0.1971153846153846 0.13581730769230768
0 0.7007211538461539 0.4639423076923077 0.13341346153846154 0.10096153846153846
0 0.4495192307692308 0.2848557692307692 0.16105769230769232 0.0985576923076923
0 0.056490384615384616 0.37740384615384615 0.1045673076923077 0.0985576923076923
0 0.8665865384615384 0.24879807692307693 0.15144230769230768 0.0829326923076923
0 0.8221153846153846 0.296875 0.2127403846153846 0.10096153846153846
0 0.8088942307692307 0.19591346153846154 0.15625 0.10096153846153846
0 0.53125 0.21754807692307693 0.18028846153846154 0.11177884615384616