0 0.5 0.7920673076923077 0.14182692307692307 0.203125
0 0.24759615384615385 0.8305288461538461 0.140625 0.171875
0 0.6706730769230769 0.7115384615384616 0.09495192307692307 0.09615384615384616
0 0.5120192307692307 0.6057692307692307 0.09615384615384616 0.08173076923076923
0 0.07451923076923077 0.7211538461538461 0.11778846153846154 0.0985576923076923
0 0.1141826923076923 0.6033653846153846 0.09495192307692307 0.08653846153846154
0 0.21875 0.6081730769230769 0.078125 0.06850961538461539
0 0.6646634615384616 0.578125 0.10817307692307693 0.07091346153846154
0 0.5012019230769231 0.4699519230769231 0.06971153846153846 0.04927884615384615
0 0.4411057692307692 0.4254807692307692 0.057692307692307696 0.039663461538461536
0 0.6634615384615384 0.4483173076923077 0.06490384615384616 0.038461538461538464
0 0.8329326923076923 0.6646634615384616 0.11538461538461539 0.09254807692307693