0 0.5180288461538461 0.7007211538461539 0.2512019230769231 0.15745192307692307
0 0.36177884615384615 0.8701923076923077 0.1875 0.18629807692307693
0 0.7415865384615384 0.953125 0.15504807692307693 0.09134615384615384
0 0.9567307692307693 0.5300480769230769 0.08533653846153846 0.1310096153846154
0 0.2692307692307692 0.6153846153846154 0.21514423076923078 0.13701923076923078
0 0.43509615384615385 0.5733173076923077 0.11658653846153846 0.11778846153846154
0 0.0829326923076923 0.4735576923076923 0.10336538461538461 0.08653846153846154
0 0.18389423076923078 0.5072115384615384 0.10096153846153846 0.06370192307692307
0 0.28725961538461536 0.5084134615384616 0.06490384615384616 0.051682692307692304
0 0.23557692307692307 0.40625 0.0625 0.054086538461538464
0 0.24879807692307693 0.4483173076923077 0.08653846153846154 0.04807692307692308
0 0.4098557692307692 0.4699519230769231 0.25 0.10817307692307693
0 0.7355769230769231 0.5060096153846154 0.140625 0.08533653846153846
0 0.7920673076923077 0.45552884615384615 0.0829326923076923 0.06850961538461539
0 0.7043269230769231 0.42908653846153844 0.07692307692307693 0.051682692307692304
0 0.7536057692307693 0.3641826923076923 0.08653846153846154 0.06370192307692307
0 0.6682692307692307 0.39663461538461536 0.05048076923076923 0.03485576923076923