0 0.6322115384615384 0.8149038461538461 0.13822115384615385 0.2512019230769231
0 0.7848557692307693 0.8677884615384616 0.09495192307692307 0.09975961538461539
0 0.7403846153846154 0.9579326923076923 0.2704326923076923 0.08052884615384616
0 0.32091346153846156 0.9158653846153846 0.09975961538461539 0.16346153846153846
0 0.3557692307692308 0.7548076923076923 0.08413461538461539 0.16826923076923078
0 0.47475961538461536 0.8425480769230769 0.14182692307692307 0.31009615384615385
0 0.46153846153846156 0.49158653846153844 0.11177884615384616 0.26802884615384615
0 0.7367788461538461 0.6105769230769231 0.0829326923076923 0.16346153846153846
0 0.8365384615384616 0.3485576923076923 0.12740384615384615 0.4831730769230769
0 0.9711538461538461 0.8389423076923077 0.04927884615384615 0.3173076923076923
0 0.9555288461538461 0.12980769230769232 0.08533653846153846 0.25600961538461536