0 0.21634615384615385 0.8245192307692307 0.17067307692307693 0.18269230769230768
0 0.4170673076923077 0.7463942307692307 0.26802884615384615 0.1466346153846154
0 0.47836538461538464 0.9014423076923077 0.2824519230769231 0.19230769230769232
0 0.6370192307692307 0.8209134615384616 0.23557692307692307 0.1502403846153846
0 0.8834134615384616 0.8846153846153846 0.2283653846153846 0.23076923076923078
0 0.8185096153846154 0.7091346153846154 0.10096153846153846 0.15625
0 0.5600961538461539 0.6310096153846154 0.13701923076923078 0.1466346153846154
0 0.36177884615384615 0.49759615384615385 0.11899038461538461 0.10576923076923077
0 0.7199519230769231 0.5276442307692307 0.1310096153846154 0.08653846153846154
0 0.7992788461538461 0.5853365384615384 0.1201923076923077 0.109375
0 0.21394230769230768 0.38221153846153844 0.11177884615384616 0.125
0 0.6225961538461539 0.43028846153846156 0.07451923076923077 0.0733173076923077