0 0.578125 0.41947115384615385 0.22355769230769232 0.13341346153846154
0 0.4651442307692308 0.578125 0.18389423076923078 0.11177884615384616
0 0.3401442307692308 0.6021634615384616 0.10697115384615384 0.0889423076923077
0 0.6646634615384616 0.5516826923076923 0.12379807692307693 0.08533653846153846
0 0.6598557692307693 0.6478365384615384 0.1935096153846154 0.13341346153846154
0 0.6983173076923077 0.8209134615384616 0.5961538461538461 0.3485576923076923
0 0.23798076923076922 0.8353365384615384 0.16346153846153846 0.125
0 0.2932692307692308 0.9302884615384616 0.4735576923076923 0.12980769230769232
0 0.20192307692307693 0.4639423076923077 0.12379807692307693 0.07091346153846154
0 0.15144230769230768 0.5264423076923077 0.11658653846153846 0.0985576923076923
0 0.0733173076923077 0.3329326923076923 0.13942307692307693 0.13822115384615385
0 0.23197115384615385 0.2920673076923077 0.12980769230769232 0.08533653846153846
0 0.31971153846153844 0.38341346153846156 0.11298076923076923 0.0985576923076923
0 0.6682692307692307 0.3125 0.22355769230769232 0.10697115384615384
0 0.8485576923076923 0.46875 0.296875 0.125
0 0.9122596153846154 0.5853365384615384 0.10336538461538461 0.10697115384615384
0 0.8834134615384616 0.375 0.22716346153846154 0.15144230769230768