0 0.042067307692307696 0.5829326923076923 0.07932692307692307 0.14302884615384615
0 0.2127403846153846 0.47836538461538464 0.16105769230769232 0.11177884615384616
0 0.4170673076923077 0.41586538461538464 0.078125 0.04807692307692308
0 0.4831730769230769 0.4723557692307692 0.09495192307692307 0.07692307692307693
0 0.5240384615384616 0.4170673076923077 0.09495192307692307 0.09134615384615384
0 0.6117788461538461 0.3401442307692308 0.203125 0.09134615384615384
0 0.6682692307692307 0.49038461538461536 0.16466346153846154 0.11177884615384616
0 0.38100961538461536 0.8701923076923077 0.1658653846153846 0.14543269230769232
0 0.59375 0.6959134615384616 0.26802884615384615 0.23197115384615385
0 0.8317307692307693 0.3954326923076923 0.08774038461538461 0.0829326923076923
0 0.17067307692307693 0.8016826923076923 0.3137019230769231 0.25961538461538464
0 0.4651442307692308 0.6081730769230769 0.3173076923076923 0.21153846153846154