0 0.4723557692307692 0.2548076923076923 0.12379807692307693 0.12139423076923077
0 0.53125 0.4254807692307692 0.20552884615384615 0.203125
0 0.6225961538461539 0.6766826923076923 0.21634615384615385 0.23798076923076922
0 0.7199519230769231 0.3545673076923077 0.16105769230769232 0.14543269230769232
0 0.7884615384615384 0.25721153846153844 0.13221153846153846 0.10336538461538461
0 0.22596153846153846 0.3701923076923077 0.30288461538461536 0.10817307692307693
0 0.04927884615384615 0.515625 0.09615384615384616 0.1658653846153846
0 0.14182692307692307 0.7764423076923077 0.27884615384615385 0.35697115384615385
0 0.22596153846153846 0.3798076923076923 0.24278846153846154 0.17307692307692307
0 0.32211538461538464 0.5036057692307693 0.22716346153846154 0.13581730769230768
0 0.37740384615384615 0.6153846153846154 0.21875 0.22716346153846154