0 0.06129807692307692 0.8942307692307693 0.1201923076923077 0.15144230769230768
0 0.2512019230769231 0.8846153846153846 0.21514423076923078 0.14543269230769232
0 0.4639423076923077 0.8966346153846154 0.23677884615384615 0.15625
0 0.6790865384615384 0.8221153846153846 0.25240384615384615 0.2247596153846154
0 0.7680288461538461 0.7079326923076923 0.0889423076923077 0.11298076923076923
0 0.8389423076923077 0.6334134615384616 0.11778846153846154 0.1658653846153846
0 0.4423076923076923 0.7235576923076923 0.23197115384615385 0.14543269230769232
0 0.6370192307692307 0.6394230769230769 0.16346153846153846 0.11298076923076923
0 0.5144230769230769 0.5625 0.1502403846153846 0.09975961538461539
0 0.3786057692307692 0.5997596153846154 0.12139423076923077 0.07932692307692307
0 0.6790865384615384 0.53125 0.17908653846153846 0.10697115384615384