0 0.5396634615384616 0.5252403846153846 0.15625 0.17908653846153846
0 0.3786057692307692 0.6478365384615384 0.17307692307692307 0.15985576923076922
0 0.33653846153846156 0.8677884615384616 0.11658653846153846 0.14903846153846154
0 0.35096153846153844 0.46875 0.16466346153846154 0.21153846153846154
0 0.6778846153846154 0.48677884615384615 0.13221153846153846 0.15985576923076922
0 0.7211538461538461 0.6610576923076923 0.11538461538461539 0.21754807692307693
0 0.8064903846153846 0.5588942307692307 0.11538461538461539 0.14182692307692307
0 0.8713942307692307 0.7391826923076923 0.11778846153846154 0.22235576923076922
0 0.8617788461538461 0.36538461538461536 0.27403846153846156 0.17067307692307693
0 0.12139423076923077 0.4387019230769231 0.2403846153846154 0.31850961538461536
0 0.6526442307692307 0.3557692307692308 0.1502403846153846 0.17668269230769232
0 0.8365384615384616 0.18389423076923078 0.3245192307692308 0.23197115384615385