0 0.6838942307692307 0.8978365384615384 0.12379807692307693 0.1346153846153846
0 0.5961538461538461 0.7824519230769231 0.13701923076923078 0.09495192307692307
0 0.9314903846153846 0.9230769230769231 0.13341346153846154 0.1502403846153846
0 0.8834134615384616 0.7620192307692307 0.11778846153846154 0.12980769230769232
0 0.7944711538461539 0.6430288461538461 0.11298076923076923 0.1201923076923077
0 0.6646634615384616 0.7067307692307693 0.14783653846153846 0.10697115384615384
0 0.39783653846153844 0.8161057692307693 0.13581730769230768 0.14302884615384615
0 0.39663461538461536 0.7271634615384616 0.12740384615384615 0.09975961538461539
0 0.2608173076923077 0.8810096153846154 0.15985576923076922 0.14783653846153846
0 0.26322115384615385 0.7752403846153846 0.10697115384615384 0.1045673076923077
0 0.054086538461538464 0.9314903846153846 0.1045673076923077 0.13221153846153846
0 0.08774038461538461 0.8197115384615384 0.17307692307692307 0.21033653846153846