0 0.6598557692307693 0.7572115384615384 0.16346153846153846 0.19110576923076922
0 0.5576923076923077 0.8341346153846154 0.10336538461538461 0.125
0 0.5192307692307693 0.9435096153846154 0.109375 0.10817307692307693
0 0.36177884615384615 0.7331730769230769 0.11778846153846154 0.14423076923076922
0 0.2091346153846154 0.4375 0.19951923076923078 0.3918269230769231
0 0.3713942307692308 0.49278846153846156 0.11538461538461539 0.1141826923076923
0 0.7019230769230769 0.4567307692307692 0.21995192307692307 0.21995192307692307
0 0.3545673076923077 0.3161057692307692 0.15625 0.171875
0 0.1814903846153846 0.7331730769230769 0.359375 0.5276442307692307
0 0.7548076923076923 0.9338942307692307 0.1466346153846154 0.12740384615384615
0 0.8245192307692307 0.8149038461538461 0.15745192307692307 0.19110576923076922
0 0.2980769230769231 0.13581730769230768 0.33653846153846156 0.21634615384615385