0 0.6550480769230769 0.5661057692307693 0.3173076923076923 0.10576923076923077
0 0.8822115384615384 0.6911057692307693 0.23317307692307693 0.1814903846153846
0 0.5216346153846154 0.7463942307692307 0.2283653846153846 0.15985576923076922
0 0.14783653846153846 0.6310096153846154 0.2920673076923077 0.14543269230769232
0 0.3389423076923077 0.7103365384615384 0.1658653846153846 0.17548076923076922
0 0.38221153846153844 0.41947115384615385 0.18870192307692307 0.08533653846153846
0 0.9026442307692307 0.4651442307692308 0.13581730769230768 0.07692307692307693
0 0.06009615384615385 0.4266826923076923 0.11778846153846154 0.12860576923076922
0 0.1658653846153846 0.515625 0.1658653846153846 0.10216346153846154
0 0.38100961538461536 0.3713942307692308 0.125 0.06009615384615385
0 0.5348557692307693 0.3870192307692308 0.10336538461538461 0.06850961538461539