0 0.5516826923076923 0.8846153846153846 0.14783653846153846 0.16346153846153846
0 0.36658653846153844 0.9435096153846154 0.14302884615384615 0.09975961538461539
0 0.25841346153846156 0.7463942307692307 0.11778846153846154 0.09975961538461539
0 0.32091346153846156 0.6646634615384616 0.0829326923076923 0.07692307692307693
0 0.3786057692307692 0.7415865384615384 0.09254807692307693 0.0829326923076923
0 0.5408653846153846 0.5072115384615384 0.10697115384615384 0.09975961538461539
0 0.27524038461538464 0.5552884615384616 0.13942307692307693 0.09014423076923077
0 0.1141826923076923 0.5985576923076923 0.11778846153846154 0.10336538461538461
0 0.9158653846153846 0.53125 0.1622596153846154 0.17668269230769232
0 0.7199519230769231 0.46153846153846156 0.18509615384615385 0.12379807692307693
0 0.7103365384615384 0.5588942307692307 0.09014423076923077 0.09014423076923077
0 0.18870192307692307 0.4651442307692308 0.09254807692307693 0.06370192307692307