0 0.9002403846153846 0.8930288461538461 0.19230769230769232 0.2091346153846154
0 0.8918269230769231 0.7596153846153846 0.09615384615384616 0.1466346153846154
0 0.6274038461538461 0.8389423076923077 0.11658653846153846 0.18629807692307693
0 0.40865384615384615 0.6610576923076923 0.171875 0.125
0 0.5528846153846154 0.703125 0.13221153846153846 0.16105769230769232
0 0.4963942307692308 0.8545673076923077 0.21875 0.2764423076923077
0 0.30528846153846156 0.5216346153846154 0.1346153846153846 0.16947115384615385
0 0.5612980769230769 0.5360576923076923 0.15625 0.16105769230769232
0 0.6959134615384616 0.5564903846153846 0.11177884615384616 0.14182692307692307
0 0.6069711538461539 0.47716346153846156 0.11538461538461539 0.125
0 0.6670673076923077 0.6586538461538461 0.33052884615384615 0.1814903846153846
0 0.4543269230769231 0.43149038461538464 0.1045673076923077 0.1466346153846154