0 0.5480769230769231 0.41346153846153844 0.140625 0.06971153846153846
0 0.5745192307692307 0.5048076923076923 0.12139423076923077 0.09254807692307693
0 0.6658653846153846 0.45913461538461536 0.17427884615384615 0.08173076923076923
0 0.9362980769230769 0.3473557692307692 0.125 0.07211538461538461
0 0.8257211538461539 0.43028846153846156 0.19471153846153846 0.19110576923076922
0 0.28966346153846156 0.4266826923076923 0.3076923076923077 0.22115384615384615
0 0.30408653846153844 0.6117788461538461 0.2403846153846154 0.1346153846153846
0 0.10576923076923077 0.6790865384615384 0.2091346153846154 0.18629807692307693
0 0.09615384615384616 0.8774038461538461 0.18990384615384615 0.23918269230769232
0 0.3449519230769231 0.24879807692307693 0.46033653846153844 0.1346153846153846
0 0.078125 0.3485576923076923 0.15384615384615385 0.23197115384615385
0 0.6959134615384616 0.2800480769230769 0.14182692307692307 0.15625