      0/29     1.45G     0.125   0.01218         0    0.1372        25       416  0.002069   0.05172 0.0002027 2.522e-05    0.1175   0.01009         0
      1/29     1.66G    0.1188   0.01275         0    0.1315        29       416  0.001294   0.08621 0.0002346 4.312e-05     0.111   0.01033         0
      2/29     1.66G    0.1125   0.01374         0    0.1263        23       416  0.001641   0.01724 0.0002109 4.312e-05    0.1055   0.01057         0
      3/29     1.66G    0.1069   0.01528         0    0.1222        28       416  0.006875   0.01724 0.0003978 5.332e-05    0.1001    0.0108         0
      4/29     1.66G    0.1025   0.01514         0    0.1176        31       416  0.005774   0.01724 0.0006336 9.205e-05   0.09481   0.01107         0
      5/29     1.66G   0.09719   0.01605         0    0.1132        33       416  0.003505    0.1552  0.001246 0.0002437   0.08929   0.01133         0
      6/29     1.66G   0.09153   0.01649         0     0.108        27       416  0.007527    0.2586  0.003362 0.0006762   0.08214   0.01165         0
      7/29     1.66G   0.08612    0.0165         0    0.1026        27       416   0.03196    0.2241   0.01532  0.004364   0.07667   0.01161         0
      8/29     1.66G    0.0795   0.01773         0   0.09723        28       416    0.3566    0.2931     0.254   0.07765   0.07399    0.0112         0
      9/29     1.66G   0.07292   0.01842         0   0.09134        36       416    0.6663    0.2759     0.302   0.09125   0.06856   0.01106         0
     10/29     1.66G   0.06778   0.01794         0   0.08572        27       416    0.3836    0.4483    0.3655    0.1218   0.06475   0.01072         0
     11/29     1.66G   0.06546   0.01718         0   0.08264        35       416    0.4984    0.3793    0.4057     0.133   0.06053   0.01066         0
     12/29     1.66G   0.06327   0.01693         0   0.08019        33       416    0.5097    0.4301     0.454    0.1636   0.05927   0.01017         0
     13/29     1.66G   0.05898   0.01635         0   0.07533        20       416    0.5312    0.4299    0.4458    0.1549   0.05906  0.009757         0
     14/29     1.66G   0.05755   0.01591         0   0.07346        22       416    0.6115    0.5172     0.527    0.2116   0.05549  0.009491         0
     15/29     1.66G   0.05856   0.01529         0   0.07385        30       416    0.6148    0.5504    0.5743    0.2099   0.05208  0.009363         0
     16/29     1.66G    0.0539   0.01518         0   0.06908        21       416    0.6543    0.4655    0.4934    0.1666    0.0525  0.009039         0
     17/29     1.66G   0.05283   0.01572         0   0.06854        38       416    0.7312     0.569    0.6517    0.2351   0.05175  0.008677         0
     18/29     1.66G   0.05284   0.01318         0   0.06601        24       416     0.672    0.6713     0.679    0.2869   0.04942  0.008562         0
     19/29     1.66G   0.04941   0.01442         0   0.06382        27       416    0.8687    0.5862      0.71    0.3268     0.049  0.008368         0
     20/29     1.66G   0.04759   0.01397         0   0.06156        30       416    0.7999    0.6204    0.7121    0.3423   0.04786   0.00809         0
     21/29     1.66G   0.04803    0.0136         0   0.06163        32       416    0.6954    0.6724    0.7004    0.3285   0.04923  0.007848         0
     22/29     1.66G   0.04876   0.01354         0    0.0623        34       416    0.7587    0.6034    0.6768    0.2892   0.04723  0.007751         0
     23/29     1.66G   0.04652   0.01266         0   0.05917        21       416      0.82    0.6379    0.7346    0.3298   0.04758  0.007566         0
     24/29     1.66G   0.04433   0.01294         0   0.05726        23       416     0.833    0.6034    0.6927    0.2806   0.04645  0.007426         0
     25/29     1.66G   0.04609   0.01211         0    0.0582        28       416    0.8496    0.5843    0.7112    0.3489   0.04701  0.007229         0
     26/29     1.66G   0.04378   0.01255         0   0.05633        21       416     0.826     0.655    0.7509    0.3741   0.04555  0.007096         0
     27/29     1.66G   0.04471   0.01177         0   0.05648        31       416    0.9024    0.6375    0.7602    0.3443   0.04576  0.006903         0
     28/29     1.66G   0.04365   0.01284         0    0.0565        34       416    0.8803    0.6379     0.765    0.3855   0.04509  0.006767         0
     29/29     1.66G   0.04569   0.01158         0   0.05727        29       416    0.8601    0.6379    0.7682    0.3806   0.04522  0.006677         0
